157
1 1
347 
2 2
334 347 
3 1
345 332 344 
4 2
343 350 337 343 
5 2
343 334 337 341 339 
6 2
342 344 348 331 332 338 
7 1
347 340 341 347 345 339 336 
8 2
344 344 341 339 342 336 344 341 
9 2
349 335 332 348 333 342 339 347 347 
10 1
342 338 336 347 335 331 343 348 349 350 
11 1
332 347 335 339 335 339 342 349 338 334 350 
12 1
348 344 349 339 334 334 337 350 337 344 337 339 
13 1
350 342 346 344 348 337 348 340 340 345 350 332 348 
14 2
347 333 336 333 336 344 339 342 331 331 335 349 347 349 
15 2
334 345 339 333 345 337 338 347 337 332 333 347 344 350 331 
16 2
336 337 350 349 349 349 333 340 344 340 343 348 340 338 341 340 
17 2
333 345 341 344 342 334 335 340 347 333 347 331 350 337 332 333 332 
18 2
348 331 344 337 343 337 343 345 340 337 331 342 340 345 332 339 332 341 
19 2
347 339 348 343 338 340 331 334 346 338 333 337 346 345 334 348 336 342 346 
20 1
341 339 344 331 348 333 344 350 348 347 342 335 342 340 343 350 339 346 331 343 
21 1
337 333 333 334 336 338 349 331 334 347 331 344 333 350 334 350 341 344 347 332 346 
22 2
346 343 337 331 349 340 333 339 348 336 339 350 347 335 348 348 348 338 337 347 335 332 
23 2
338 342 345 340 337 338 347 346 347 341 337 335 337 340 337 333 340 349 337 345 331 333 333 
24 1
343 347 345 343 336 333 331 334 349 349 337 343 331 333 349 333 342 343 333 338 350 339 342 346 
25 1
346 332 337 343 345 349 336 343 336 339 339 337 341 340 349 334 350 333 333 350 342 335 349 333 344 
26 1
349 340 337 339 332 331 336 346 347 346 341 333 335 349 331 337 342 349 339 339 343 349 349 350 331 345 
27 1
339 340 339 345 337 348 344 343 333 339 333 338 331 338 339 333 347 336 349 346 342 331 346 339 348 348 331 
28 1
343 345 338 344 339 332 336 348 338 332 338 337 347 347 348 336 350 339 336 331 342 339 345 331 340 331 346 332 
29 2
345 347 342 350 350 343 342 342 339 333 339 349 337 345 331 332 349 347 346 332 338 339 345 338 336 347 349 336 341 
30 1
347 345 344 338 337 336 343 338 334 340 343 350 342 345 350 347 345 350 331 342 333 333 349 345 348 331 343 347 349 349 
31 1
338 332 332 334 335 345 336 331 345 333 342 342 338 347 331 335 335 346 337 334 346 340 340 339 343 344 334 336 340 342 345 
32 2
334 343 346 331 334 332 348 346 337 343 346 342 337 340 350 338 348 331 343 342 342 340 350 338 347 349 349 348 350 348 337 340 
33 1
339 334 340 332 341 333 334 350 331 338 334 331 336 335 336 339 340 342 332 339 347 339 338 350 342 342 333 338 347 336 348 342 349 
34 2
335 336 344 343 344 340 334 344 341 337 332 350 335 345 348 344 338 331 347 342 336 336 344 340 344 335 336 340 335 342 345 344 333 343 
35 2
345 331 347 349 334 337 331 343 343 347 340 341 343 341 333 335 348 340 332 331 331 345 342 345 334 349 342 343 339 347 348 345 344 344 335 
36 2
335 345 339 341 337 340 337 345 346 346 339 348 345 333 340 331 339 337 338 333 341 349 349 335 343 335 339 347 331 338 335 337 343 333 332 342 
37 1
344 340 337 341 331 337 337 348 347 331 348 348 342 343 337 331 335 341 340 350 350 349 348 339 350 333 344 339 336 339 339 346 346 341 341 336 346 
38 1
350 342 343 332 333 342 349 346 331 333 336 344 343 335 345 346 334 340 343 343 345 333 344 342 342 341 332 336 336 332 333 350 347 331 349 349 347 350 
39 1
334 334 346 336 335 348 350 334 344 339 349 343 347 341 343 332 337 338 334 350 349 336 339 350 334 336 342 336 344 346 335 334 336 350 343 346 339 347 347 
40 2
345 331 347 338 335 348 336 332 346 344 336 349 339 343 347 347 334 334 336 337 346 334 345 331 331 336 340 343 342 340 342 338 337 340 334 337 344 337 340 344 
41 2
342 340 340 336 338 331 350 350 340 341 331 332 334 336 335 335 338 332 346 349 338 336 337 331 344 342 340 346 349 331 332 340 335 338 344 350 340 343 337 338 335 
42 2
339 332 347 332 340 345 343 348 348 344 334 331 335 343 346 346 350 341 333 345 332 344 347 333 341 339 343 343 350 343 346 342 344 331 333 333 336 340 336 336 332 334 
43 2
341 335 334 338 334 347 349 347 335 336 340 338 342 346 345 337 340 336 333 333 342 335 340 344 332 345 337 343 331 339 341 343 333 331 339 333 348 332 342 339 343 348 339 
44 2
341 344 349 339 340 334 347 336 337 339 341 348 336 349 335 343 338 344 332 341 335 338 338 346 346 333 336 331 347 344 345 343 345 338 331 341 333 346 345 331 347 333 341 336 
45 2
347 335 344 349 340 342 336 340 336 348 337 349 337 331 345 334 332 339 345 343 348 331 350 334 339 343 347 336 345 332 333 338 350 331 334 343 335 337 349 342 340 345 331 336 337 
46 1
350 332 333 340 337 339 344 345 340 347 349 331 339 331 334 341 335 342 348 350 338 333 344 343 348 343 336 347 334 344 340 339 350 345 341 332 345 332 331 333 341 348 347 342 344 349 
47 1
341 338 350 340 345 347 331 347 341 348 349 343 333 340 341 339 344 340 334 341 332 345 339 332 331 338 333 339 338 340 349 344 345 346 339 337 346 350 348 345 344 335 338 349 340 349 342 
48 2
346 342 333 341 335 339 336 336 334 339 335 332 338 333 340 350 339 342 334 337 345 349 341 346 342 343 349 342 342 347 336 339 337 350 340 350 346 349 346 350 348 335 344 350 335 343 342 341 
49 1
343 350 335 333 342 333 337 340 333 338 342 343 348 338 340 342 333 338 342 344 342 350 344 335 347 350 337 336 332 335 346 340 337 339 339 342 349 350 346 333 336 338 349 349 335 342 333 331 347 
50 1
346 338 350 331 350 341 335 340 349 341 338 342 332 343 347 349 341 345 340 338 335 343 342 331 347 343 337 334 334 336 335 339 335 331 350 347 349 348 335 346 338 331 340 336 335 345 335 344 337 349 
24 1
293 295 295 295 292 293 350 342 350 346 49 46 50 45 350 344 345 348 296 292 293 298 292 300 
30 2
300 293 296 297 295 98 93 96 100 99 93 344 342 343 347 349 345 344 342 93 95 93 98 93 96 296 300 298 300 292 
43 3
341 143 146 150 147 146 143 293 300 300 295 293 300 294 195 193 199 195 194 194 197 200 192 199 200 197 198 192 194 291 295 297 299 293 291 293 145 144 146 146 144 148 343 
45 2
193 193 195 200 195 349 345 348 348 343 343 341 341 195 191 198 194 194 196 196 198 195 198 200 198 199 194 200 194 192 196 197 347 346 347 347 347 349 345 348 191 198 196 193 191 
20 1
346 342 344 348 49 46 44 45 46 199 199 41 44 44 47 46 341 341 349 345 
28 2
297 291 299 291 149 147 147 48 49 50 43 41 46 42 41 47 49 48 46 42 46 150 149 148 292 299 292 300 
14 7
292 300 300 294 343 350 349 341 346 349 296 298 295 300 
7 2
245 244 298 299 294 248 244 
13 2
297 296 294 298 296 292 300 296 300 294 296 292 294 
24 9
42 45 48 45 297 294 50 347 342 345 348 342 342 341 348 349 349 44 293 299 43 43 50 43 
4 2
141 143 145 146 
15 8
250 249 244 247 250 244 244 241 243 243 241 242 246 248 241 
28 2
342 348 344 349 345 347 349 347 342 348 149 144 141 147 146 145 141 150 347 342 345 348 346 349 350 347 350 342 
47 11
193 200 198 196 195 196 199 196 194 45 50 47 42 50 46 49 344 341 349 342 348 345 342 343 349 344 344 345 341 341 347 45 45 43 50 42 42 47 192 192 196 199 198 199 194 192 200 
41 1
295 294 296 298 294 300 300 292 293 242 243 242 248 242 243 96 91 98 93 150 141 142 91 97 100 91 244 245 249 250 248 244 293 295 300 294 293 292 300 291 293 
18 8
97 95 98 99 94 94 92 297 295 299 296 94 92 94 93 97 98 97 
40 5
94 94 94 96 98 93 91 100 93 99 97 97 97 97 97 99 98 92 97 98 100 100 97 93 96 97 98 99 98 92 99 99 95 98 96 99 100 98 92 91 
34 18
141 147 145 148 145 150 96 95 96 96 100 99 100 345 344 342 341 343 342 345 345 98 97 100 100 95 100 97 145 150 146 150 150 144 
14 12
343 350 92 99 95 100 341 341 98 93 100 99 350 347 
2 1
42 41 
31 9
344 350 344 350 347 341 348 345 342 350 293 299 297 291 297 296 297 299 295 292 293 342 347 345 343 350 345 349 349 347 348 
16 1
92 93 42 47 44 196 43 48 46 45 198 45 48 41 98 93 
41 11
242 150 147 149 146 147 145 148 149 145 44 46 45 44 41 42 46 47 41 41 193 42 47 44 41 42 50 44 50 44 45 145 148 142 147 148 145 146 146 143 249 
32 18
192 196 192 198 199 193 194 198 195 192 192 199 195 195 194 193 193 191 194 196 196 193 197 199 200 198 196 198 191 196 197 192 
11 8
191 193 198 195 194 346 199 194 195 198 200 
27 14
193 196 197 192 250 246 245 243 250 241 250 250 98 92 95 241 241 244 249 243 250 241 241 199 198 199 200 
22 9
298 297 296 42 49 46 48 43 50 47 50 44 48 46 46 46 44 49 45 295 296 295 
18 7
142 146 145 143 142 148 145 148 150 144 145 147 147 145 147 142 146 146 
12 11
48 48 44 43 41 93 95 42 49 41 46 43 
36 16
249 250 244 247 241 199 200 199 193 198 193 198 196 199 43 49 46 41 44 50 44 41 193 199 200 195 193 193 193 195 192 249 241 244 250 244 
9 5
148 141 150 141 142 145 148 149 147 
39 24
344 343 348 346 350 345 348 347 348 342 197 194 195 194 197 197 194 194 197 100 191 200 191 199 199 192 200 198 193 350 343 349 349 341 350 349 346 347 348 
40 5
247 241 243 245 243 244 250 200 193 200 198 200 199 194 141 148 150 145 347 45 46 342 146 145 146 142 199 200 199 195 199 191 191 243 246 248 249 250 247 248 
10 6
193 194 192 193 192 193 192 191 191 196 
19 15
296 295 93 96 96 99 92 92 343 49 342 95 99 100 95 98 96 299 299 
33 24
293 295 295 295 300 291 296 42 44 49 42 348 346 343 341 347 346 342 349 346 344 341 45 47 44 42 296 292 295 296 295 300 296 
27 21
49 47 45 42 42 45 49 46 48 46 344 343 344 146 348 350 348 46 47 42 49 48 49 43 48 41 42 
36 7
191 191 192 194 192 195 200 198 192 191 297 300 296 293 296 296 293 148 150 295 299 297 296 297 298 294 192 194 200 196 191 199 198 193 196 192 
4 2
142 345 341 142 
33 29
50 46 44 192 199 199 199 193 192 196 197 197 196 194 191 199 200 193 200 191 196 197 199 198 200 193 196 197 199 200 45 45 42 
25 21
346 347 248 250 244 248 248 243 250 246 243 143 146 149 250 248 246 247 245 243 246 246 243 347 349 
32 30
297 299 293 293 298 300 94 97 100 196 98 100 94 95 98 97 100 94 93 98 99 91 198 96 91 97 299 298 295 292 298 293 
21 7
141 143 142 149 247 248 247 248 247 194 194 194 241 242 244 246 248 148 150 148 142 
50 22
292 299 296 294 296 300 297 293 249 250 250 249 249 250 249 96 100 98 95 96 95 94 96 92 245 243 97 97 97 98 97 95 99 93 93 249 247 247 241 245 248 242 293 297 294 298 296 299 294 300 
35 3
147 150 141 143 141 142 147 245 246 241 348 347 94 49 43 46 44 42 41 48 41 41 92 342 347 247 246 249 150 148 147 146 145 141 143 
37 35
197 194 195 197 198 198 146 147 246 250 244 242 246 200 198 199 199 146 145 150 198 195 197 199 248 243 245 242 250 149 141 195 197 199 198 199 199 
5 5
244 248 247 241 242 
23 8
197 194 194 192 195 200 291 298 297 295 299 296 298 297 294 293 300 198 197 191 199 195 198 
47 24
343 342 343 344 347 343 295 292 291 299 94 97 97 93 94 96 93 97 95 346 345 343 350 349 350 341 343 347 96 98 91 100 94 97 98 97 96 295 292 300 295 346 343 343 346 348 349 
35 3
96 347 343 341 345 344 348 342 347 349 341 250 250 247 244 247 241 248 245 246 250 250 242 246 348 341 345 343 346 350 345 346 346 348 99 
11 1
100 100 100 100 100 100 100 100 100 100 100 
11 2
101 101 101 101 101 101 101 101 101 101 101 
11 3
100 100 100 100 100 100 100 100 100 100 100 
11 4
101 101 101 101 101 101 101 101 101 101 101 
11 8
100 100 100 100 100 100 100 100 100 100 100 
11 11
100 100 100 100 100 100 100 100 100 100 100 
5 3
2 1 1 4 4
29 29
234 271 261 344 80 350 98 188 311 289 248 87 340 265 201 13 298 78 75 160 258 197 279 64 23 347 140 57 169 
45 5
277 151 55 224 269 104 244 342 241 127 74 191 18 95 161 157 29 48 1 157 147 291 185 169 104 121 330 113 344 30 304 107 231 154 29 146 221 267 29 240 210 285 98 324 119 
8 5
15 324 327 52 326 244 71 333 
24 11
55 29 46 227 219 242 65 312 85 308 347 302 297 83 135 331 321 154 306 157 60 112 304 207 
11 5
187 61 71 305 100 220 115 209 225 257 42 
43 4
69 68 14 40 8 85 202 72 347 66 18 52 5 288 307 306 20 236 130 332 171 350 285 33 103 120 277 49 295 324 335 347 268 161 20 117 1 178 27 37 174 49 169 
38 19
178 321 176 201 224 349 229 319 291 182 300 312 109 86 47 208 304 120 38 175 280 45 95 229 313 18 70 338 164 45 177 298 279 113 250 215 255 269 
22 17
130 226 120 123 78 327 345 302 311 25 9 287 99 152 269 134 56 189 249 346 16 108 
40 30
333 109 338 138 22 281 199 210 119 3 280 201 78 94 227 196 304 238 55 278 134 18 273 204 43 344 211 236 217 344 61 44 49 103 139 216 322 35 258 185 
5 2
319 336 27 254 272 
25 19
51 264 242 294 310 320 271 135 31 313 328 252 321 6 81 208 85 115 143 53 31 154 106 22 314 
9 1
7 282 17 295 234 268 255 80 67 
50 18
199 23 196 239 142 31 292 98 108 17 79 235 82 220 149 215 316 339 209 348 62 21 44 195 51 133 81 176 52 78 217 325 16 338 188 177 257 75 189 212 222 26 84 196 331 312 107 182 246 210 
8 2
22 171 111 310 310 154 81 203 
26 19
344 344 91 161 43 100 149 234 334 348 317 102 154 60 232 53 178 218 335 52 313 350 90 162 211 336 
6 4
304 165 31 3 252 348 
8 3
43 278 76 194 75 247 342 236 
49 12
206 340 164 341 231 315 324 161 100 222 6 290 190 122 22 138 55 314 38 184 67 99 222 129 121 151 325 243 165 21 199 35 93 175 186 186 38 10 227 233 219 243 283 337 51 7 201 87 212 
11 2
45 32 2 22 37 40 21 155 18 208 12 
43 7
244 151 42 201 49 14 37 49 15 44 29 9 12 128 44 20 35 20 34 220 47 140 11 33 157 137 7 13 296 33 43 34 40 3 26 10 12 34 62 23 46 6 5 
41 6
2 13 1 17 11 2 38 16 49 36 22 36 49 43 6 41 7 43 16 12 43 11 29 261 7 30 12 14 27 26 8 20 2 4 41 234 26 44 29 11 7 
16 2
4 36 42 44 29 9 44 42 29 3 34 25 251 37 35 47 
17 8
10 25 6 22 34 40 36 5 35 2 5 187 16 5 23 3 22 
11 6
38 9 164 4 4 15 39 33 16 21 30 
24 1
8 199 48 28 27 26 44 10 300 1 39 48 34 19 6 33 31 8 29 47 31 36 13 3 
36 11
21 32 33 31 15 40 37 42 33 31 5 15 1 30 20 345 25 189 285 1 194 115 27 26 4 20 18 33 83 10 106 21 28 26 3 57 
10 7
19 47 51 11 20 13 32 44 303 50 
14 3
13 28 9 5 6 48 22 44 18 29 35 25 20 48 
33 9
25 5 44 50 53 48 49 11 10 15 24 42 14 308 48 333 17 18 33 1 31 42 2 8 23 47 21 21 43 17 34 36 208 
43 9
24 39 49 39 10 20 2 37 79 31 39 39 9 27 43 7 28 26 26 29 9 13 24 29 1 13 9 22 108 25 20 40 33 41 46 30 32 22 5 35 42 43 45 
23 6
3 27 45 2 36 50 37 14 12 36 39 39 3 27 144 49 29 35 16 2 88 14 35 
21 7
33 47 39 313 18 9 5 8 37 16 15 56 16 24 10 38 8 7 36 294 22 
49 5
20 30 31 49 43 22 37 34 34 294 8 34 38 6 21 34 44 37 139 42 42 20 47 24 7 1 34 42 42 19 37 45 309 123 40 238 18 19 3 8 26 3 133 31 14 28 6 50 30 
19 3
4 50 107 37 36 10 19 48 37 19 7 29 8 16 48 38 32 22 89 
37 6
5 10 314 47 25 49 11 29 42 4 204 21 47 33 33 45 25 40 18 14 43 22 31 22 22 43 12 36 41 8 19 314 3 44 45 43 37 
4 2
48 26 45 45 
7 6
40 29 43 5 35 25 56 
8 6
41 31 38 28 30 26 42 21 
35 8
50 25 45 8 18 38 40 8 27 40 31 36 19 31 306 31 33 13 49 38 5 23 38 40 6 25 40 236 41 20 16 16 5 29 30 
7 7
89 30 31 50 34 42 35 
14 10
41 31 43 37 13 40 22 1 35 35 79 32 32 30 
40 1
14 24 26 8 34 342 167 44 39 15 3 28 38 221 29 40 5 7 18 19 3 44 33 171 5 16 38 11 42 21 39 28 6 47 2 24 13 20 17 38 
14 6
1 33 25 32 29 22 29 47 39 1 45 50 49 29 
21 4
242 242 247 244 341 349 349 345 300 294 299 291 296 346 341 348 341 250 246 247 247 
19 4
292 293 293 293 141 142 142 142 147 141 144 145 150 142 146 294 299 297 296 
35 3
95 92 92 99 99 91 91 97 95 143 147 141 144 149 142 147 146 143 147 144 142 141 145 143 141 150 97 95 100 95 98 99 94 97 100 
41 4
199 194 198 199 196 200 191 191 195 299 294 292 293 293 298 299 193 191 197 196 192 192 192 200 192 298 295 294 294 298 293 297 197 197 195 193 191 196 199 198 193 
47 4
195 197 196 200 194 198 196 196 300 291 343 342 349 147 150 347 347 344 343 345 349 297 294 293 293 296 349 347 350 341 346 348 150 148 348 342 350 293 291 198 199 191 198 200 195 199 193 
29 3
291 297 295 293 293 49 48 42 47 46 42 41 242 247 241 246 244 45 46 43 43 43 48 49 299 297 296 294 294 
29 3
298 298 99 95 95 93 249 246 346 344 345 341 342 348 346 347 350 344 344 348 341 250 248 96 97 95 94 296 297 
